1 10 8427.876986026764 
1 20 8427.876986026764 
1 30 8427.876986026764 
1 40 8427.876986026764 
1 50 8427.876986026764 
1 60 8427.876986026764 
1 70 8427.876986026764 
1 80 8427.876986026764 
1 90 8427.876986026764 
1 100 8427.876986026764 
2 10 875.8148147463799 
2 20 875.8148147463799 
2 30 875.8148147463799 
2 40 875.8148147463799 
2 50 875.8148147463799 
2 60 875.8148147463799 
2 70 875.8148147463799 
2 80 875.8148147463799 
2 90 875.8148147463799 
2 100 875.8148147463799 
3 10 229.97152107954025 
3 20 229.97152107954025 
3 30 229.97152107954025 
3 40 229.97152107954025 
3 50 229.97152107954025 
3 60 229.97152107954025 
3 70 229.97152107954025 
3 80 229.97152107954025 
3 90 229.97152107954025 
3 100 229.97152107954025 
4 10 89.92512106895447 
4 20 89.92512106895447 
4 30 89.92512106895447  89.92512106895447 
4 40 89.92512106895447 
4 50 89.92512106895447 
4 60 89.92512106895447  89.92512106895447 
4 70 89.92512106895447 
4 80 89.92512106895447 
4 90 89.92512106895447 
4 100 89.92512106895447 
5 10 44.310089975595474  44.310089975595474 
5 20 44.310089975595474  44.310089975595474 
5 30 44.310089975595474  44.310089975595474 
5 40 44.310089975595474  44.310089975595474 
5 50 44.310089975595474  44.310089975595474 
5 60 44.310089975595474  44.310089975595474 
5 70 44.310089975595474  44.310089975595474 
5 80 44.310089975595474  44.310089975595474 
5 90 44.310089975595474  44.310089975595474 
5 100 44.310089975595474  44.310089975595474 
6 10 25.56258126720786  25.56258126720786 
6 20 25.56258126720786  25.56258126720786 
6 30 25.56258126720786  25.56258126720786 
6 40 25.56258126720786  25.56258126720786 
6 50 25.56258126720786  25.56258126720786 
6 60 25.56258126720786  25.56258126720786 
6 70 25.56258126720786  25.56258126720786 
6 80 25.56258126720786  25.56258126720786 
6 90 25.56258126720786  25.56258126720786 
6 100 25.56258126720786  25.56258126720786 
7 10 16.5969530493021  16.5969530493021 
7 20 16.5969530493021  16.5969530493021 
7 30 16.5969530493021  16.5969530493021 
7 40 16.5969530493021  16.5969530493021 
7 50 16.5969530493021  16.5969530493021 
7 60 16.5969530493021  16.5969530493021 
7 70 16.5969530493021  16.5969530493021 
7 80 16.5969530493021  16.5969530493021 
7 90 16.5969530493021  16.5969530493021 
7 100 16.5969530493021  16.5969530493021 
8 10 11.825803630053997  11.825803630053997 
8 20 11.825803630053997  11.825803630053997 
8 30 11.825803630053997  11.825803630053997 
8 40 11.825803630053997  11.825803630053997 
8 50 11.825803630053997  11.825803630053997 
8 60 11.825803630053997  11.825803630053997 
8 70 11.825803630053997  11.825803630053997 
8 80 11.825803630053997  11.825803630053997 
8 90 11.825803630053997  11.825803630053997 
8 100 11.825803630053997  11.825803630053997 
9 10 9.07667651772499  9.07667651772499 
9 20 9.07667651772499  9.07667651772499 
9 30 9.07667651772499  9.07667651772499 
9 40 9.07667651772499  9.07667651772499 
9 50 9.07667651772499  9.07667651772499 
9 60 9.07667651772499  9.07667651772499 
9 70 9.07667651772499  9.07667651772499 
9 80 9.07667651772499  9.07667651772499 
9 90 9.07667651772499  9.07667651772499 
9 100 9.07667651772499  9.07667651772499 
10 10 7.392144240438938  7.392144240438938 
10 20 7.392144240438938  7.392144240438938 
10 30 7.392144240438938  7.392144240438938 
10 40 7.392144240438938  7.392144240438938 
10 50 7.392144240438938  7.392144240438938 
10 60 7.392144240438938  7.392144240438938 
10 70 7.392144240438938  7.392144240438938 
10 80 7.392144240438938  7.392144240438938 
10 90 7.392144240438938  7.392144240438938 
10 100 7.392144240438938  7.392144240438938 
1,10
1,20
1,30
1,40
1,50
1,60
1,70
1,80
1,90
1,100
2,10
2,20
2,30
2,40
2,50
2,60
2,70
2,80
2,90
2,100
3,10
3,20
3,30
3,40
3,50
3,60
3,70
3,80
3,90
3,100
4,10
4,20
4,30
4,40
4,50
4,60
4,70
4,80
4,90
4,100
5,10
5,20
5,30
5,40
5,50
5,60
5,70
5,80
5,90
5,100
6,10
6,20
6,30
6,40
6,50
6,60
6,70
6,80
6,90
6,100
7,10
7,20
7,30
7,40
7,50
7,60
7,70
7,80
7,90
7,100
8,10
8,20
8,30
8,40
8,50
8,60
8,70
8,80
8,90
8,100
9,10
9,20
9,30
9,40
9,50
9,60
9,70
9,80
9,90
9,100
10,10
10,20
10,30
10,40
10,50
10,60
10,70
10,80
10,90
10,100
1,10
1,20
1,30
1,40
1,50
1,60
1,70
1,80
1,90
1,100
2,10
2,20
2,30
2,40
2,50
2,60
2,70
2,80
2,90
2,100
3,10
3,20
3,30
3,40
3,50
3,60
3,70
3,80
3,90
3,100
4,10
4,20
4,30
4,40
4,50
4,60
4,70
4,80
4,90
4,100
5,10
5,20
5,30
5,40
5,50
5,60
5,70
5,80
5,90
5,100
6,10
6,20
6,30
6,40
6,50
6,60
6,70
6,80
6,90
6,100
7,10
7,20
7,30
7,40
7,50
7,60
7,70
7,80
7,90
7,100
8,10
8,20
8,30
8,40
8,50
8,60
8,70
8,80
8,90
8,100
9,10
9,20
9,30
9,40
9,50
9,60
9,70
9,80
9,90
9,100
10,10
10,20
10,30
10,40
10,50
10,60
10,70
10,80
10,90
10,100
