1,10,24.834624767303467,,24.834624767303467,
2,20,30.494433879852295,,30.494433879852295,
3,30,36.153071880340576,,36.153071880340576,
4,40,41.9642767906189,,41.9642767906189,
5,50,47.967692852020264,,47.967692852020264,
6,60,54.173640727996826,,54.173640727996826,
7,70,60.5837664604187,,60.5837664604187,
8,80,67.19638967514038,,67.19638967514038,
9,90,74.00819540023804,,74.00819540023804,
10,100,81.01488447189331,
1,10,24.834624767303467,,24.834624767303467,
2,20,30.494433879852295,,30.494433879852295,
3,30,36.153071880340576,,36.153071880340576,
4,40,41.9642767906189,,41.9642767906189,
5,50,47.967692852020264,,47.967692852020264,
6,60,54.173640727996826,,54.173640727996826,
7,70,60.5837664604187,,60.5837664604187,
8,80,67.19638967514038,,67.19638967514038,
9,90,74.00819540023804,,74.00819540023804,
10,100,81.01488447189331,,81.01488447189331,
1,10,24.834624767303467,,24.834624767303467,
2,20,30.494433879852295,,30.494433879852295,
3,30,36.153071880340576,,36.153071880340576,
4,40,41.9642767906189,,41.9642767906189,
5,50,47.967692852020264,,47.967692852020264,
6,60,54.173640727996826,,54.173640727996826,
7,70,60.5837664604187,,60.5837664604187,
8,80,67.19638967514038,,67.19638967514038,
9,90,74.00819540023804,,74.00819540023804,
10,100,81.01488447189331,,81.01488447189331,
1,10,8208.478080272675,
2,20,21459.824271678925,
3,30,40210.074271678925,
4,40,64460.160209178925,
5,50,94210.20708417892,
6,60,129460.23052167892,
7,70,170210.23833417892,
8,80,216460.23833417892,
9,90,268210.2539591789,
10,100,325460.2695841789,
