1,10,38.24059397502005,,38.24059397502005,
2,20,61.45095604325941,,61.45095604325941,
3,30,84.66014734688741,,84.66014734688741,
4,40,108.02190484418998,
5,50,131.5758743261722,
6,60,155.3323759264887,
7,70,179.29305436793018,
8,80,203.45622963199156,
9,90,227.81858948799575,
10,100,252.37583009070804,
1,10
2,20
3,30
4,40
5,50
6,60
7,70
8,80
9,90
10,100
1,10,4725.451331988582,
2,20,14497.915395306642,
3,30,29769.283547375322,
4,40,50540.489146376014,
5,50,76811.64768623827,
6,60,108582.78769590476,
7,70,145853.9189549613,
8,80,188625.04554940842,
9,90,236896.16943151873,
10,100,290667.2916296286,
