1 10
1 20
1 30
1 40
1 50
1 60
1 70
1 80
1 90
1 100
2 10
2 20
2 30
2 40
2 50
2 60
2 70
2 80
2 90
2 100
3 10
3 20
3 30
3 40
3 50
3 60
3 70
3 80
3 90
3 100
4 10
4 20
4 30
4 40
4 50
4 60
4 70
4 80
4 90
4 100
5 10
5 20
5 30
5 40
5 50
5 60
5 70
5 80
5 90
5 100
6 10
6 20
6 30
6 40
6 50
6 60
6 70
6 80
6 90
6 100
7 10
7 20
7 30
7 40
7 50
7 60
7 70
7 80
7 90
7 100
8 10
8 20
8 30
8 40
8 50
8 60
8 70
8 80
8 90
8 100
9 10
9 20
9 30
9 40
9 50
9 60
9 70
9 80
9 90
9 100
10 10
10 20
10 30
10 40
10 50
10 60
10 70
10 80
10 90
10 100
1 10
1 20
1 30
1 40
1 50
1 60
1 70
1 80
1 90
1 100
2 10
2 20
2 30
2 40
2 50
2 60
2 70
2 80
2 90
2 100
3 10
3 20
3 30
3 40
3 50
3 60
3 70
3 80
3 90
3 100
4 10
4 20
4 30
4 40
4 50
4 60
4 70
4 80
4 90
4 100
5 10
5 20
5 30
5 40
5 50
5 60
5 70
5 80
5 90
5 100
6 10
6 20
6 30
6 40
6 50
6 60
6 70
6 80
6 90
6 100
7 10
7 20
7 30
7 40
7 50
7 60
7 70
7 80
7 90
7 100
8 10
8 20
8 30
8 40
8 50
8 60
8 70
8 80
8 90
8 100
9 10
9 20
9 30
9 40
9 50
9 60
9 70
9 80
9 90
9 100
10 10
10 20
10 30
10 40
10 50
10 60
10 70
10 80
10 90
10 100
